+0
+0
+0
+0
+0
+0
+0
+0
+0
+0
+0
+0
+0
+0
+0
+0
+0
+0
+0
+0
+0
+0
+0
+0
+0
+0
+0
+0
+0
+0
+0
+0
+0
+0
+0
+0
+0
+0
+0
+0
+0
+0
+0
+0
+0
+0
+0
+0
+41
+42
+42
+37
+31
+26
+23
+21
+18
+12
+5
+0
-54
-65
-75
-21
+32
+88
+55
+23
-9
+0
+11
+22
-74
-108
-143
-127
-112
-96
-113
-129
+0
+0
+0
+0
-67
-77
-88
-99
+32
+86
+142
+110
+77
+44
+54
+65
+41
+42
+42
+37
+31
+26
+23
+21
+18
+12
+5
+0
-54
-65
-75
-21
+32
+88
+55
+23
-9
+0
+11
+22
-147
-119
-92
-64
-29
-34
-40
-42
-45
-48
-54
-60
-67
-77
-88
-99
+32
+86
+142
+110
+77
+44
+54
+65
+41
+42
+42
+37
+31
+26
+23
+21
+18
+12
+5
+0
-54
-65
-75
-21
+32
+88
+55
+23
-9
+0
+11
+22
-147
-119
-92
-64
-29
-34
-40
-42
-45
-48
-54
-60
-67
-77
-88
-99
+32
+86
+142
+110
+77
+44
+54
+65
+76
+42
+9
-25
-122
-106
-90
-107
+1
+196674
+0
+0
+0
+0
+196731
+24
+1
+196698
+0
+0
+0
+0
+0
+0
